50.075792,14.413578
50.073001,14.413942
50.072031,14.404094
50.072526,14.408344
50.070366,14.405120
50.071910,14.400692
50.074307,14.406316
50.072958,14.400591
50.076854,14.405461
50.081221,14.406126
50.078911,14.405926
50.082406,14.404465
50.084331,14.404350
50.086765,14.403859
50.087334,14.406112
50.088436,14.403372
50.089516,14.403826
50.088664,14.406155
50.090127,14.406617
50.090917,14.405145
50.091145,14.409782
50.090787,14.411937
50.092182,14.411350
50.092516,14.409301
50.092644,14.408376
50.091171,14.404584
50.089576,14.412506
50.081343,14.410589
50.075570,14.411326
50.072825,14.412042
50.088701,14.415582
50.091527,14.417984
50.086106,14.414360
50.083456,14.413306
50.081388,14.413033
50.082402,14.419100
50.083564,14.416846
50.083023,14.421818
50.083659,14.424431
50.085646,14.423315
50.085971,14.423567
50.087214,14.427592
50.084253,14.427528
50.086971,14.420343
50.089404,14.429214
50.090012,14.434902
50.091229,14.438821
50.089945,14.439327
50.087228,14.432416
50.085268,14.430372
50.087431,14.432943
50.082334,14.432437
50.079671,14.430056
50.077196,14.429234
50.077670,14.431489
50.075425,14.432268
50.073911,14.431552
50.075560,14.424915
50.073519,14.419943
50.073492,14.416024
50.075168,14.416635
50.077115,14.419332
50.079184,14.419711
50.077480,14.421228
50.079116,14.421752
50.080514,14.423943
50.079752,14.425873
50.077267,14.426250
50.077425,14.422985
50.076193,14.427186
50.077236,14.427629
50.079563,14.427285
50.081132,14.419638
50.083212,14.417750
50.081521,14.426976
50.081714,14.422372
50.085923,14.420662
50.091030,14.431781
50.077618,14.416587
50.078785,14.419551