50.075822, 14.429237
50.075623, 14.428976
50.075627, 14.427501
50.075638, 14.427314
50.075428, 14.426933
50.075432, 14.426779
50.075445, 14.425595
50.075441, 14.425466
50.075698, 14.424293
50.075482, 14.424217
50.075695, 14.423971
50.075454, 14.423900
50.075490, 14.422466
50.075490, 14.422299
50.075783, 14.420930
50.075373, 14.430368
50.075179, 14.430013
50.073846, 14.417653
50.073888, 14.418543
50.073647, 14.416519
50.073596, 14.416293
50.073399, 14.414932
50.073382, 14.414123
50.074073, 14.414888
50.074243, 14.414891
50.074284, 14.415203
50.075518, 14.414642
50.075797, 14.415416
50.075606, 14.415518
50.072718, 14.409956
50.072581, 14.408477
50.072554, 14.408209
50.072396, 14.408255
50.072277, 14.407018
50.072267, 14.406784
50.074418, 14.407744
50.075183, 14.406300
50.075493, 14.407459
50.076983, 14.407094
50.077705, 14.407308
50.086339, 14.405323
50.086168, 14.405307
50.087635, 14.403921
50.088665, 14.406177
50.090568, 14.415338
50.090386, 14.415292
50.089084, 14.416758
50.088586, 14.416550
50.089022, 14.417037
50.088537, 14.416814
50.088345, 14.417624
50.087955, 14.416457
50.087923, 14.415458
50.087767, 14.415395
50.087281, 14.415205
50.087241, 14.414908
50.088059, 14.428269
50.088234, 14.428309
50.088386, 14.429233
50.087159, 14.432406
50.087347, 14.432694
50.087324, 14.432443
50.085190, 14.444382
50.085211, 14.444183
50.085615, 14.446654
50.085607, 14.446430
50.085049, 14.452884
50.085060, 14.452694
50.085166, 14.452893
50.086042, 14.453008
50.086199, 14.452764
50.085161, 14.452690
50.086291, 14.452964
50.086638, 14.452981
50.086750, 14.452804
50.086742, 14.452977
50.085436, 14.454607
50.085505, 14.454030
50.077566, 14.419302
50.077686, 14.419328
50.077827, 14.418158
50.077775, 14.417874
50.077919, 14.417628
50.077934, 14.41781
50.078264, 14.418847
50.078305, 14.41895
50.078246, 14.419293
50.078039, 14.41963
50.079079, 14.419715
50.079279, 14.419736